[1,  2000] loss: 2.072
[1,  4000] loss: 1.946
[1,  6000] loss: 1.950
[1,  8000] loss: 1.958
[1, 10000] loss: 1.953
[1, 12000] loss: 2.005
[2,  2000] loss: 1.962
[2,  4000] loss: 1.989
[2,  6000] loss: 1.991
[2,  8000] loss: 2.013
[2, 10000] loss: 1.985
[2, 12000] loss: 1.991
[3,  2000] loss: 2.009
[3,  4000] loss: 1.975
[3,  6000] loss: 1.980
[3,  8000] loss: 1.977
[3, 10000] loss: 1.974
[3, 12000] loss: 1.983
[4,  2000] loss: 1.973
[4,  4000] loss: 1.979
[4,  6000] loss: 1.985
[4,  8000] loss: 2.009
[4, 10000] loss: 2.023
[4, 12000] loss: 1.975
[5,  2000] loss: 1.964
[5,  4000] loss: 1.998
[5,  6000] loss: 1.979
[5,  8000] loss: 1.969
[5, 10000] loss: 1.963
[5, 12000] loss: 1.976
Finished Training
saved
