[1,  2000] loss: 2.014
[1,  4000] loss: 1.750
[1,  6000] loss: 1.683
[1,  8000] loss: 1.633
[1, 10000] loss: 1.619
[1, 12000] loss: 1.609
[2,  2000] loss: 1.567
[2,  4000] loss: 1.565
[2,  6000] loss: 1.612
[2,  8000] loss: 1.601
[2, 10000] loss: 1.588
[2, 12000] loss: 1.596
[3,  2000] loss: 1.568
[3,  4000] loss: 1.586
[3,  6000] loss: 1.601
[3,  8000] loss: 1.605
[3, 10000] loss: 1.598
[3, 12000] loss: 1.626
[4,  2000] loss: 1.584
[4,  4000] loss: 1.593
[4,  6000] loss: 1.603
[4,  8000] loss: 1.616
[4, 10000] loss: 1.616
[4, 12000] loss: 1.606
[5,  2000] loss: 1.579
[5,  4000] loss: 1.574
[5,  6000] loss: 1.607
[5,  8000] loss: 1.609
[5, 10000] loss: 1.631
[5, 12000] loss: 1.664
Finished Training
saved
