[1,  2000] loss: 2.366
[1,  4000] loss: 2.361
[1,  6000] loss: 2.362
[1,  8000] loss: 2.360
[1, 10000] loss: 2.356
[1, 12000] loss: 2.362
[2,  2000] loss: 2.361
[2,  4000] loss: 2.360
[2,  6000] loss: 2.360
[2,  8000] loss: 2.360
[2, 10000] loss: 2.358
[2, 12000] loss: 2.355
[3,  2000] loss: 2.362
[3,  4000] loss: 2.355
[3,  6000] loss: 2.364
[3,  8000] loss: 2.363
[3, 10000] loss: 2.360
[3, 12000] loss: 2.362
[4,  2000] loss: 2.364
[4,  4000] loss: 2.360
[4,  6000] loss: 2.363
[4,  8000] loss: 2.359
[4, 10000] loss: 2.362
[4, 12000] loss: 2.362
[5,  2000] loss: 2.359
[5,  4000] loss: 2.359
[5,  6000] loss: 2.361
[5,  8000] loss: 2.363
[5, 10000] loss: 2.359
[5, 12000] loss: 2.360
Finished Training
saved
