[1,  2000] loss: 2.203
[1,  4000] loss: 1.921
[1,  6000] loss: 1.676
[1,  8000] loss: 1.576
[1, 10000] loss: 1.506
[1, 12000] loss: 1.469
[2,  2000] loss: 1.402
[2,  4000] loss: 1.381
[2,  6000] loss: 1.353
[2,  8000] loss: 1.308
[2, 10000] loss: 1.319
[2, 12000] loss: 1.280
[3,  2000] loss: 1.223
[3,  4000] loss: 1.208
[3,  6000] loss: 1.226
[3,  8000] loss: 1.197
[3, 10000] loss: 1.203
[3, 12000] loss: 1.210
[4,  2000] loss: 1.114
[4,  4000] loss: 1.114
[4,  6000] loss: 1.136
[4,  8000] loss: 1.128
[4, 10000] loss: 1.141
[4, 12000] loss: 1.101
[5,  2000] loss: 1.040
[5,  4000] loss: 1.035
[5,  6000] loss: 1.070
[5,  8000] loss: 1.084
[5, 10000] loss: 1.062
[5, 12000] loss: 1.052
Finished Training
saved
