[1,  2000] loss: 2.022
[1,  4000] loss: 1.756
[1,  6000] loss: 1.712
[1,  8000] loss: 1.667
[1, 10000] loss: 1.666
[1, 12000] loss: 1.632
[2,  2000] loss: 1.610
[2,  4000] loss: 1.602
[2,  6000] loss: 1.617
[2,  8000] loss: 1.598
[2, 10000] loss: 1.620
[2, 12000] loss: 1.607
[3,  2000] loss: 1.563
[3,  4000] loss: 1.617
[3,  6000] loss: 1.606
[3,  8000] loss: 1.610
[3, 10000] loss: 1.600
[3, 12000] loss: 1.614
[4,  2000] loss: 1.574
[4,  4000] loss: 1.595
[4,  6000] loss: 1.617
[4,  8000] loss: 1.653
[4, 10000] loss: 1.654
[4, 12000] loss: 1.625
[5,  2000] loss: 1.581
[5,  4000] loss: 1.602
[5,  6000] loss: 1.603
[5,  8000] loss: 1.650
[5, 10000] loss: 1.653
[5, 12000] loss: 1.651
Finished Training
saved
