[1,  2000] loss: 2.331
[1,  4000] loss: 2.331
[1,  6000] loss: 2.330
[1,  8000] loss: 2.327
[1, 10000] loss: 2.330
[1, 12000] loss: 2.329
[2,  2000] loss: 2.331
[2,  4000] loss: 2.331
[2,  6000] loss: 2.330
[2,  8000] loss: 2.330
[2, 10000] loss: 2.331
[2, 12000] loss: 2.329
[3,  2000] loss: 2.331
[3,  4000] loss: 2.329
[3,  6000] loss: 2.329
[3,  8000] loss: 2.331
[3, 10000] loss: 2.332
[3, 12000] loss: 2.329
[4,  2000] loss: 2.330
[4,  4000] loss: 2.332
[4,  6000] loss: 2.332
[4,  8000] loss: 2.332
[4, 10000] loss: 2.329
[4, 12000] loss: 2.328
[5,  2000] loss: 2.333
[5,  4000] loss: 2.334
[5,  6000] loss: 2.328
[5,  8000] loss: 2.332
[5, 10000] loss: 2.333
[5, 12000] loss: 2.331
Finished Training
saved
