[1,  2000] loss: 2.212
[1,  4000] loss: 1.860
[1,  6000] loss: 1.696
[1,  8000] loss: 1.573
[1, 10000] loss: 1.508
[1, 12000] loss: 1.454
[2,  2000] loss: 1.392
[2,  4000] loss: 1.370
[2,  6000] loss: 1.337
[2,  8000] loss: 1.308
[2, 10000] loss: 1.304
[2, 12000] loss: 1.297
[3,  2000] loss: 1.240
[3,  4000] loss: 1.199
[3,  6000] loss: 1.190
[3,  8000] loss: 1.184
[3, 10000] loss: 1.184
[3, 12000] loss: 1.179
[4,  2000] loss: 1.119
[4,  4000] loss: 1.131
[4,  6000] loss: 1.123
[4,  8000] loss: 1.088
[4, 10000] loss: 1.097
[4, 12000] loss: 1.101
[5,  2000] loss: 1.007
[5,  4000] loss: 1.045
[5,  6000] loss: 1.034
[5,  8000] loss: 1.043
[5, 10000] loss: 1.050
[5, 12000] loss: 1.044
Finished Training
saved
