[1,  2000] loss: 2.363
[1,  4000] loss: 2.363
[1,  6000] loss: 2.358
[1,  8000] loss: 2.358
[1, 10000] loss: 2.355
[1, 12000] loss: 2.356
[2,  2000] loss: 2.366
[2,  4000] loss: 2.361
[2,  6000] loss: 2.357
[2,  8000] loss: 2.361
[2, 10000] loss: 2.361
[2, 12000] loss: 2.354
[3,  2000] loss: 2.361
[3,  4000] loss: 2.361
[3,  6000] loss: 2.362
[3,  8000] loss: 2.359
[3, 10000] loss: 2.360
[3, 12000] loss: 2.361
[4,  2000] loss: 2.357
[4,  4000] loss: 2.362
[4,  6000] loss: 2.359
[4,  8000] loss: 2.358
[4, 10000] loss: 2.361
[4, 12000] loss: 2.365
[5,  2000] loss: 2.363
[5,  4000] loss: 2.361
[5,  6000] loss: 2.363
[5,  8000] loss: 2.358
[5, 10000] loss: 2.359
[5, 12000] loss: 2.356
Finished Training
saved
