[1,  2000] loss: 2.332
[1,  4000] loss: 2.333
[1,  6000] loss: 2.332
[1,  8000] loss: 2.331
[1, 10000] loss: 2.333
[1, 12000] loss: 2.330
[2,  2000] loss: 2.331
[2,  4000] loss: 2.331
[2,  6000] loss: 2.332
[2,  8000] loss: 2.331
[2, 10000] loss: 2.331
[2, 12000] loss: 2.334
[3,  2000] loss: 2.333
[3,  4000] loss: 2.331
[3,  6000] loss: 2.329
[3,  8000] loss: 2.330
[3, 10000] loss: 2.327
[3, 12000] loss: 2.332
[4,  2000] loss: 2.329
[4,  4000] loss: 2.330
[4,  6000] loss: 2.333
[4,  8000] loss: 2.331
[4, 10000] loss: 2.331
[4, 12000] loss: 2.330
[5,  2000] loss: 2.332
[5,  4000] loss: 2.329
[5,  6000] loss: 2.329
[5,  8000] loss: 2.330
[5, 10000] loss: 2.330
[5, 12000] loss: 2.332
Finished Training
saved
