[1,  2000] loss: 2.129
[1,  4000] loss: 1.990
[1,  6000] loss: 1.949
[1,  8000] loss: 1.931
[1, 10000] loss: 1.925
[1, 12000] loss: 1.936
[2,  2000] loss: 1.943
[2,  4000] loss: 1.961
[2,  6000] loss: 1.994
[2,  8000] loss: 1.989
[2, 10000] loss: 2.019
[2, 12000] loss: 1.981
[3,  2000] loss: 1.992
[3,  4000] loss: 1.981
[3,  6000] loss: 1.996
[3,  8000] loss: 2.005
[3, 10000] loss: 2.019
[3, 12000] loss: 2.047
[4,  2000] loss: 2.021
[4,  4000] loss: 2.108
[4,  6000] loss: 2.074
[4,  8000] loss: 2.169
[4, 10000] loss: 2.150
[4, 12000] loss: 2.220
[5,  2000] loss: 2.157
[5,  4000] loss: 2.176
[5,  6000] loss: 2.111
[5,  8000] loss: 2.114
[5, 10000] loss: 2.109
[5, 12000] loss: 2.085
Finished Training
saved
